---
version: 2
money:
  dzsenpai: 104892.000000
  richhaogaming: 49972280.000000
  gaonch: 2000.000000
  jakaypluginvn: 5000.000000
  bidiedyourmeil: 0
  tuilachimbe: 3526041.290000
  bidiedart: 88720.000000
  thanhss456: 178041.230000
  borealprince88: 9351455.800000
  sabo_gaming_phs: 13569845.550000
  rickkid000: 48574.400000
  bearr1411: 0
  dreamken9190: 12854.160000
  camlansuc09: 0
  lyriccreator864: 128438.920000
  vinhawm: 0.510000
  reborntrash892: 0
  thirteencorn83: 47240.250000
  richhaogaming2: 99999999998000.000000
  noobpvp2k3: 10000000000000000000000.000000
...
