---
version: 2
money:
  dzsenpai: 13.000000
  richhaogaming: 86899.000000
  gaonch: 0
  jakaypluginvn: 0
  bidiedyourmeil: 0
  tuilachimbe: 34.000000
  bidiedart: 0.000000
  thanhss456: 0.000000
  borealprince88: 150.000000
  sabo_gaming_phs: 6.000000
  rickkid000: 0
  bearr1411: 0
  dreamken9190: 0
  camlansuc09: 0
  lyriccreator864: 0
  vinhawm: 0
  reborntrash892: 0
  thirteencorn83: 0
  richhaogaming2: 740.000000
  noobpvp2k3: 0
...
